109 3138 16 95
55 62 280
32 12 234
29 37 141
52 4 474
62 7 57
71 33 60
101 53 31
97 1 16
59 9 109
96 80 336
109 27 90
69 20 157
13 92 492
107 34 364
87 79 291
109 15 464
12 21 12
94 57 249
20 57 173
66 95 39
5 47 366
98 97 344
21 7 51
107 85 318
3 60 428
92 89 466
22 40 2
65 5 491
60 28 347
75 96 406
20 4 338
84 103 471
42 44 507
4 70 274
17 30 311
85 20 472
55 10 18
102 77 495
27 39 184
79 82 437
52 84 176
24 43 216
17 91 344
101 22 397
103 108 138
97 68 78
4 61 225
16 54 4
30 31 370
21 37 111
33 37 96
99 92 363
38 56 508
84 7 467
83 18 490
35 65 442
17 83 41
60 96 50
86 88 77
97 14 503
59 15 137
55 42 185
104 103 304
91 22 285
24 94 395
5 73 334
71 74 416
79 47 341
62 76 490
70 65 39
105 57 103
50 28 435
100 11 390
11 80 493
92 43 269
90 0 107
42 28 239
13 43 182
31 70 469
6 47 165
19 19 460
28 5 124
10 47 329
53 32 437
5 60 123
32 72 345
62 18 410
39 65 433
93 37 225
72 43 268
74 17 427
7 7 35
101 65 147
3 42 310
46 18 57
20 2 474
26 102 297
30 14 418
49 25 372
78 45 106
94 52 80
95 107 8
75 70 407
103 105 35
78 46 235
31 78 473
73 54 414
3 98 109
102 20 474
78 1 219
66 53 377
89 42 394
61 62 473
24 33 80
19 39 471
98 90 31
70 79 176
97 95 217
59 109 439
53 17 237
82 97 217
65 67 146
35 100 352
53 24 168
36 96 298
29 80 66
0 45 489
56 46 224
4 27 216
68 64 13
11 56 343
61 16 496
89 80 9
43 35 500
49 2 112
83 56 439
9 65 377
3 13 405
89 76 166
78 33 270
57 31 104
5 3 414
59 96 22
24 59 373
8 65 440
90 29 67
68 95 5
74 15 272
29 4 474
30 76 207
31 85 23
63 97 82
46 85 303
84 101 108
40 85 212
6 69 411
19 105 163
8 25 450
83 14 23
67 63 173
105 65 478
78 91 68
51 93 31
17 19 356
25 49 438
73 20 244
99 24 210
104 68 390
86 108 271
48 71 376
63 109 209
23 85 178
107 105 502
107 51 152
97 88 263
6 79 405
31 96 445
47 20 106
9 109 32
52 4 405
90 19 150
84 25 97
93 27 446
69 47 27
102 22 302
49 15 361
4 16 397
107 7 291
83 81 71
59 0 411
4 61 32
94 60 450
36 83 116
40 104 354
95 17 472
19 71 370
93 90 24
20 37 39
106 4 378
28 94 511
20 11 510
77 56 479
98 60 51
30 64 451
104 35 262
25 17 411
2 34 287
28 50 317
22 50 76
19 13 490
82 94 150
84 85 345
26 105 506
82 86 510
61 85 44
81 73 205
12 68 291
102 92 263
105 28 231
21 73 472
96 51 217
45 69 365
65 106 326
34 92 75
3 12 380
77 48 500
3 97 357
82 96 491
92 63 338
6 23 273
53 98 78
53 53 76
14 38 33
12 73 318
7 58 200
92 59 471
100 36 415
98 83 167
80 16 311
29 10 311
40 12 160
8 96 305
49 26 174
107 95 96
92 55 50
56 100 76
32 67 464
73 62 168
29 85 98
107 15 463
102 82 16
85 91 327
33 106 485
30 76 205
69 3 345
92 77 183
61 49 329
0 8 449
14 62 115
49 79 44
12 11 362
70 23 62
63 68 473
40 46 287
100 0 191
97 109 456
4 20 242
0 105 337
100 89 502
11 24 238
87 33 475
67 72 295
90 101 340
20 0 301
22 56 441
53 61 50
38 41 204
71 109 279
41 1 379
80 93 409
92 27 268
12 36 208
11 71 315
16 49 279
73 75 347
71 14 315
58 4 367
13 6 150
29 65 431
27 105 391
11 4 375
5 91 376
24 104 432
48 58 16
54 53 162
18 45 243
97 4 252
87 31 90
100 52 453
95 26 35
86 60 419
84 58 41
30 11 2
73 72 413
71 33 183
93 20 170
2 9 0
109 88 290
49 45 60
72 47 393
9 73 292
89 29 94
19 62 10
50 3 51
96 43 197
54 106 234
25 18 471
78 13 421
102 54 253
65 6 139
68 49 13
17 81 174
86 73 474
94 104 393
73 20 426
93 105 44
102 78 240
31 58 96
35 30 471
41 1 409
98 105 112
77 6 343
32 54 359
22 38 260
18 36 12
106 77 139
78 72 158
6 31 311
29 80 294
108 90 178
13 47 266
102 35 395
91 30 126
56 41 307
99 10 278
6 86 208
81 55 114
97 90 129
20 28 450
89 67 246
37 94 232
53 3 92
49 51 30
28 64 73
61 38 107
37 42 82
39 38 28
80 77 438
17 65 300
73 107 442
100 85 159
38 94 438
19 56 509
31 68 480
4 30 70
43 62 166
40 7 54
13 100 311
4 99 264
104 108 110
20 101 419
44 34 393
101 58 130
53 82 128
60 79 170
83 0 350
72 86 36
59 44 55
53 8 258
24 37 200
97 15 464
76 17 137
64 54 250
31 15 135
41 59 177
22 53 79
79 67 179
55 57 9
102 73 415
54 70 161
4 74 388
74 75 264
75 84 227
56 3 96
67 80 197
13 93 262
50 46 84
2 21 431
38 49 451
48 105 302
5 90 295
73 104 486
29 85 418
109 101 229
66 25 171
81 105 270
73 59 90
74 108 79
73 1 47
86 59 254
102 59 159
22 99 61
0 102 426
25 18 46
39 4 17
17 72 228
19 73 265
67 85 13
102 38 129
12 32 144
46 20 46
98 4 93
36 52 45
30 14 146
4 72 35
79 41 284
36 64 416
19 17 315
29 40 131
101 105 375
103 9 188
64 57 477
21 7 418
108 91 242
59 24 118
9 84 329
63 64 1
93 33 267
90 40 74
94 7 457
16 109 13
1 102 442
40 101 291
38 1 114
53 11 328
48 51 197
109 66 133
55 7 511
2 0 497
45 46 504
16 4 114
106 21 326
45 72 141
86 31 234
60 15 490
35 35 48
1 40 386
77 25 201
63 20 433
51 75 12
97 40 37
38 60 272
77 14 185
105 35 99
19 76 437
57 48 410
59 68 155
36 107 409
36 56 440
46 54 186
67 73 128
12 101 115
47 99 112
6 24 42
26 50 332
45 65 399
67 17 397
100 30 45
70 83 426
78 0 452
107 1 221
14 105 434
23 41 277
62 78 346
67 89 297
33 75 225
51 92 81
94 42 315
67 55 461
66 32 409
79 28 206
31 96 350
105 31 109
76 76 136
45 25 344
1 19 104
20 4 237
30 83 207
35 2 214
48 62 323
54 81 468
80 96 1
25 98 347
103 72 306
54 89 416
90 68 134
75 109 459
76 89 51
101 67 24
95 23 87
75 75 462
75 50 190
20 93 223
16 3 113
91 80 293
50 61 438
47 104 419
31 37 498
64 25 68
10 39 438
30 38 84
73 14 186
96 108 477
103 20 327
58 66 263
3 56 471
0 26 22
16 98 19
39 44 52
82 45 147
18 7 91
81 104 458
25 99 344
37 24 162
99 86 466
44 38 23
61 59 299
78 0 186
73 87 16
17 25 448
69 23 409
10 72 354
36 30 407
42 8 394
94 86 40
90 23 176
103 101 404
39 38 90
92 100 69
103 103 340
71 71 434
61 63 173
75 98 484
33 8 361
80 18 136
70 69 286
14 2 127
79 90 76
39 12 301
88 76 378
105 90 294
32 51 353
45 24 141
8 74 245
37 33 370
64 49 282
29 13 147
30 7 319
45 40 161
85 31 55
22 70 35
1 47 84
14 62 239
37 12 400
37 49 281
92 71 477
8 25 214
7 80 5
33 28 422
67 102 384
70 66 343
93 27 236
16 52 371
21 40 45
86 74 18
105 97 190
14 99 253
52 53 326
69 76 24
40 6 220
71 22 274
69 22 400
73 26 9
61 86 148
56 47 422
79 91 58
3 55 239
91 73 55
51 27 81
109 64 400
11 60 252
47 74 53
76 74 261
6 36 37
107 48 213
57 102 451
37 107 148
71 19 409
20 19 344
37 2 209
16 13 199
54 66 104
65 31 225
13 83 277
55 82 443
5 5 36
81 35 281
50 71 201
75 9 309
43 69 81
6 102 277
95 28 394
7 99 348
32 72 354
8 39 82
17 23 295
30 57 425
84 7 69
93 32 394
25 1 257
27 11 1
22 15 29
10 79 363
51 22 408
70 73 357
46 1 215
60 32 68
52 53 279
95 53 93
77 38 328
52 95 130
86 43 275
21 55 300
100 90 464
31 61 249
99 93 97
60 40 238
97 84 285
19 19 355
95 51 362
25 78 240
78 46 279
86 86 279
62 12 78
17 63 45
83 5 159
13 78 434
16 39 149
54 90 384
65 81 199
108 41 136
80 99 269
20 48 141
51 12 452
46 56 179
102 103 61
64 102 432
86 44 310
84 70 248
68 66 179
14 75 267
55 62 368
104 101 415
108 41 122
55 89 329
36 55 218
0 31 58
32 49 39
35 88 274
70 50 261
84 23 31
44 37 15
36 88 485
93 109 259
41 10 334
52 73 498
34 41 83
37 78 86
5 19 346
107 88 197
73 25 505
62 12 495
58 40 175
7 47 361
97 26 107
42 51 220
93 96 323
38 56 450
48 72 299
79 90 470
21 4 158
61 37 13
69 61 331
90 39 207
12 106 224
44 36 105
6 66 248
62 60 101
10 70 361
7 96 287
105 90 162
76 100 427
30 40 93
13 58 364
24 86 377
79 67 171
90 77 191
95 89 74
74 60 338
51 11 322
62 102 357
45 57 225
84 15 353
87 49 310
10 5 109
64 70 209
69 93 236
34 91 447
35 57 394
38 89 73
33 1 279
97 58 398
108 60 452
83 73 204
5 42 242
19 73 472
9 25 408
46 4 21
4 8 322
108 53 50
100 94 246
98 72 106
95 38 345
46 43 22
109 52 445
108 91 22
109 66 390
101 15 506
79 87 249
68 63 372
6 84 284
14 46 62
62 83 474
4 102 70
84 27 175
39 18 38
43 1 9
21 59 445
81 99 375
93 81 215
79 40 134
57 5 498
26 35 497
95 75 365
72 14 395
47 24 187
26 67 63
41 86 63
83 25 38
106 13 37
70 31 12
71 37 45
78 62 223
74 107 269
77 46 326
22 1 463
12 13 432
19 50 371
40 56 58
94 44 267
33 94 384
60 8 216
85 59 276
50 77 20
47 69 386
30 49 224
55 52 253
88 64 384
107 29 0
54 54 187
82 49 166
50 88 188
27 57 91
71 17 15
65 25 479
84 92 348
44 58 319
66 28 225
12 106 348
2 95 468
93 74 485
9 47 191
96 25 373
38 2 311
88 17 282
43 107 27
7 39 250
99 94 56
19 105 310
21 81 466
27 105 397
67 9 272
19 68 74
98 51 501
19 56 422
56 85 112
74 13 502
105 0 379
4 66 410
22 29 191
29 64 299
54 67 271
1 12 129
92 8 278
52 25 93
80 35 498
74 44 96
64 26 147
67 23 88
90 101 312
59 7 18
38 97 485
58 44 19
9 60 126
25 60 31
85 30 276
86 41 480
50 5 321
33 13 301
80 18 405
45 76 345
32 12 193
5 85 482
65 84 143
45 105 217
20 87 288
74 58 304
100 22 415
55 90 217
20 40 499
68 45 143
98 4 385
76 15 225
94 86 153
28 14 343
93 95 199
15 8 94
27 54 77
53 3 160
14 15 202
17 54 130
38 77 500
4 2 314
105 95 381
68 41 106
6 21 284
92 44 9
77 19 0
49 81 211
80 58 126
74 21 218
16 6 159
58 98 154
63 40 296
38 84 42
90 2 320
50 70 190
67 9 42
82 82 199
26 86 325
94 57 430
99 6 199
14 10 58
37 37 275
64 92 131
25 79 144
77 88 455
19 19 138
85 0 268
31 22 484
16 4 457
109 68 450
90 99 438
75 71 166
15 46 368
31 65 163
100 11 69
86 26 405
72 56 466
66 55 18
14 91 439
40 91 0
79 56 248
0 65 36
92 109 443
58 10 493
105 66 200
41 5 236
74 32 399
62 9 17
20 3 354
77 42 143
59 37 243
101 30 315
1 34 224
12 89 231
35 1 94
64 79 110
32 1 235
62 87 20
70 73 401
50 51 60
42 12 11
93 64 395
11 106 472
47 40 301
85 63 468
13 2 348
39 13 79
79 27 178
64 5 498
89 105 150
1 46 28
98 87 92
43 39 192
26 44 479
12 89 189
35 101 71
0 91 202
47 65 473
20 90 103
105 66 465
97 105 343
39 96 154
76 103 238
27 91 173
62 59 410
100 62 317
104 59 188
9 9 297
98 39 135
102 57 91
60 16 499
103 57 89
28 6 48
64 53 507
19 100 316
35 93 275
61 11 283
6 84 154
49 83 192
109 77 162
66 75 78
5 47 238
84 18 400
78 94 311
38 97 362
8 5 505
44 19 4
39 77 55
53 21 232
44 73 459
45 81 382
16 102 409
23 23 12
100 103 248
105 31 292
91 89 182
20 63 42
91 72 429
50 106 478
58 22 415
66 86 288
14 54 24
106 32 327
35 20 326
2 28 121
87 17 279
86 48 341
8 40 84
60 67 403
29 81 242
10 100 253
99 76 325
67 3 437
12 62 407
89 57 340
28 92 22
4 81 273
13 103 428
37 55 389
17 94 73
23 57 338
47 33 297
44 52 248
19 5 356
41 93 203
19 93 288
67 77 212
43 69 79
85 72 245
2 80 497
33 17 225
59 30 405
11 55 142
32 106 115
29 71 100
67 51 131
54 13 426
44 36 158
93 9 34
34 36 386
72 108 437
22 24 162
48 79 109
9 24 331
34 52 249
66 95 330
70 10 69
34 23 374
94 88 31
29 109 428
86 4 188
32 35 114
40 13 51
84 53 387
31 58 240
29 70 271
62 52 305
109 14 408
44 78 245
91 47 462
57 32 395
17 9 490
87 94 18
64 75 307
21 47 98
22 99 436
82 53 493
2 63 48
50 65 395
63 44 339
6 8 29
24 65 90
79 97 281
10 98 88
23 31 167
75 70 72
72 29 298
47 74 323
69 93 211
73 50 500
14 87 464
91 27 116
99 25 17
108 59 496
79 68 41
52 59 163
38 28 365
97 64 394
81 106 118
68 10 264
53 107 243
77 100 220
30 65 190
69 4 356
15 99 472
43 60 240
24 68 499
95 60 120
79 57 351
4 33 224
17 91 447
6 75 406
98 30 465
50 109 350
76 96 268
77 109 255
70 57 507
17 77 67
30 10 1
3 99 456
83 20 301
106 42 364
42 62 489
100 76 211
84 100 417
10 89 344
23 67 31
99 61 485
21 45 168
22 0 440
15 88 265
91 3 406
34 25 421
0 33 487
36 31 222
88 15 427
11 12 324
71 97 442
80 102 411
92 92 378
46 103 92
26 11 102
44 103 202
16 65 496
109 54 9
81 33 294
103 21 370
83 53 219
40 77 32
66 15 253
97 64 462
16 87 440
66 15 158
103 54 285
7 81 252
84 69 139
27 17 435
71 83 471
76 66 459
14 23 57
99 82 204
60 14 263
73 47 435
79 44 310
44 10 89
66 32 0
28 54 232
13 26 397
52 82 478
42 48 63
41 78 114
26 62 310
103 5 323
58 66 148
25 43 20
24 34 124
39 13 470
82 91 60
65 39 303
20 82 142
84 11 282
32 34 448
99 30 374
87 1 364
57 101 87
51 55 349
77 1 97
90 20 174
84 18 21
95 64 156
47 41 268
51 27 104
100 71 126
41 107 292
62 2 104
47 80 247
54 5 295
52 106 495
91 65 157
46 105 266
75 107 135
44 45 130
19 30 421
66 59 174
47 45 377
94 59 18
48 15 478
101 109 249
53 105 495
11 65 242
87 101 298
38 104 510
75 62 253
59 29 439
37 88 182
94 109 142
102 23 39
104 21 43
46 50 488
18 106 493
79 98 397
3 29 436
54 82 81
86 61 303
56 12 507
94 79 116
42 13 250
98 104 197
26 86 449
87 72 268
85 86 353
39 90 405
9 39 146
93 73 321
69 82 226
4 6 341
105 19 67
65 91 127
63 105 227
103 30 480
74 77 268
104 23 225
95 54 474
9 61 68
83 6 376
5 104 93
95 87 217
3 93 459
85 14 350
30 39 458
0 96 495
93 96 46
4 0 281
69 94 10
47 4 67
58 43 457
43 80 56
80 81 413
26 62 22
65 9 41
34 48 52
73 22 463
83 20 415
1 51 213
93 5 460
30 55 326
82 21 463
36 67 67
108 59 392
89 86 59
35 39 306
31 103 423
43 4 463
20 24 169
62 21 410
7 48 125
92 50 289
68 103 314
45 30 357
92 27 174
17 45 143
18 71 267
29 38 282
8 23 360
14 40 377
64 29 181
79 44 181
5 38 335
105 71 406
48 77 329
69 31 406
93 104 90
96 81 365
79 17 131
15 2 49
44 51 108
28 104 415
30 40 137
108 41 88
88 7 283
93 96 326
86 16 357
21 23 22
62 56 310
63 42 48
104 71 185
2 85 407
97 33 311
102 96 408
47 85 158
57 0 114
81 42 263
94 8 428
1 56 241
101 57 304
89 96 148
19 28 199
49 26 7
81 81 341
50 33 384
68 2 400
94 47 248
75 33 372
35 38 362
88 55 65
94 3 188
25 65 41
70 40 485
29 21 155
101 53 156
0 65 383
40 33 222
43 30 121
48 30 391
62 67 462
62 103 296
52 12 93
85 93 461
43 21 244
55 56 263
75 10 227
98 90 412
49 15 474
20 23 472
28 98 11
18 7 203
31 79 170
39 50 393
103 11 126
55 83 177
92 18 437
99 2 82
74 93 147
108 61 106
81 65 31
32 72 345
38 85 339
108 100 380
3 70 64
4 71 185
71 92 362
49 33 126
92 85 83
21 14 350
81 77 44
83 106 388
30 80 398
77 87 33
79 94 487
85 56 54
7 2 349
1 62 473
15 3 262
12 92 156
52 53 438
77 24 414
3 33 136
42 90 415
0 104 306
26 52 439
91 29 74
107 82 318
99 19 107
94 8 353
50 59 269
102 98 135
99 9 366
104 57 160
15 1 153
9 84 102
78 44 308
12 40 409
15 45 32
87 46 169
104 57 424
31 68 149
86 41 469
17 18 434
95 69 25
18 66 70
87 73 448
48 75 174
85 86 439
88 25 113
26 45 456
18 33 248
71 18 26
22 56 196
84 75 119
87 64 442
15 10 51
85 63 270
81 46 250
29 63 66
19 109 159
5 24 475
0 9 371
46 1 312
109 49 306
99 7 467
91 79 361
88 26 397
66 71 470
43 100 155
70 34 316
65 102 140
69 39 372
69 31 261
27 12 356
102 70 453
28 74 481
67 12 452
61 104 168
45 26 380
107 11 118
18 21 22
21 7 370
20 0 139
10 102 111
13 18 321
65 18 104
7 41 315
108 59 308
23 4 29
106 37 443
43 90 215
19 88 470
55 102 473
89 44 78
50 65 317
66 77 209
38 100 195
3 83 273
69 87 486
46 18 339
39 100 333
31 103 18
106 16 441
102 45 345
87 34 88
71 42 121
80 105 182
70 63 235
14 94 509
76 9 277
29 82 148
61 20 486
27 42 372
81 68 159
69 16 23
107 0 286
5 104 301
1 8 163
23 47 228
96 30 186
85 61 320
43 102 431
81 89 493
27 45 289
12 79 97
81 96 23
34 75 205
96 95 487
57 57 292
57 18 297
62 45 384
98 20 351
5 86 297
104 69 170
99 24 311
95 79 473
14 63 421
98 77 203
83 67 179
12 81 264
68 80 347
66 50 221
52 95 221
92 6 303
12 56 381
46 73 331
53 67 135
55 51 195
31 70 464
0 50 313
61 78 463
82 51 100
18 104 400
105 64 84
61 53 197
31 91 341
52 9 228
4 64 159
57 82 13
34 8 54
90 47 270
24 1 442
60 15 385
33 21 235
51 36 125
74 59 223
8 42 314
81 21 84
107 95 221
14 63 89
64 23 403
77 60 106
1 53 438
26 91 493
70 98 247
33 21 111
15 15 380
37 0 248
51 15 358
87 81 197
34 101 228
78 107 265
105 38 80
84 49 143
16 14 185
99 86 467
60 53 269
48 85 136
36 19 282
26 7 373
0 40 311
92 101 156
54 0 276
34 76 109
47 11 55
72 88 106
39 82 421
99 53 33
13 46 166
88 36 83
0 71 75
105 66 262
76 107 64
72 10 196
13 35 504
3 25 154
70 93 450
79 25 337
89 50 117
32 95 221
6 46 360
1 43 350
87 56 89
0 78 497
46 42 229
6 101 278
9 91 232
54 28 82
69 91 162
109 59 138
8 98 309
50 52 182
14 41 407
14 13 413
33 43 129
14 99 368
52 30 85
60 1 189
1 70 143
15 52 118
75 37 430
98 62 436
56 43 485
96 45 26
26 108 130
57 97 286
47 83 264
73 72 359
29 56 293
52 41 277
69 91 496
61 27 348
30 61 149
73 7 479
66 2 456
26 44 154
54 36 76
34 3 95
108 55 191
34 65 27
66 56 225
73 77 501
48 78 81
68 40 490
15 75 278
88 62 257
30 14 310
0 96 117
100 47 113
103 28 425
98 105 73
50 6 314
45 58 310
8 14 260
30 71 53
69 101 160
73 47 137
1 27 78
75 28 19
73 8 225
12 67 117
10 67 246
79 82 59
95 94 55
33 79 145
6 38 136
35 90 192
6 25 332
97 67 307
41 11 196
3 31 166
30 7 69
68 109 316
55 12 104
60 83 396
22 73 437
93 71 299
9 64 357
15 23 82
6 62 57
48 109 243
54 1 485
63 56 263
48 90 507
19 41 386
1 1 153
63 41 345
19 18 172
20 3 14
94 98 361
70 81 242
15 79 194
98 33 460
68 25 32
75 59 487
86 53 433
9 100 23
47 109 274
27 20 163
26 96 121
81 36 437
18 68 401
103 70 223
42 9 260
19 4 53
48 109 308
25 29 54
19 15 447
31 41 114
52 18 273
31 103 47
27 17 60
7 64 342
33 32 256
15 87 377
65 94 90
13 35 61
38 41 505
19 80 405
105 96 181
4 26 2
53 5 443
59 46 110
78 73 264
63 9 458
11 0 323
35 85 195
12 33 78
67 16 306
74 31 342
69 2 261
46 59 395
101 78 505
33 79 453
9 26 444
83 41 73
86 36 394
1 44 163
5 70 402
9 11 134
4 22 239
105 6 172
5 27 427
68 13 362
105 96 182
53 105 486
41 27 164
40 90 443
79 50 136
23 3 446
78 19 79
0 48 129
16 89 252
13 103 87
33 26 449
42 8 58
3 28 185
37 74 235
29 62 218
5 8 417
12 23 39
108 87 313
45 91 191
1 43 130
59 18 466
53 103 276
78 75 308
48 54 373
78 46 304
17 86 176
52 109 335
57 71 27
89 80 450
20 44 422
6 1 145
12 99 8
9 96 10
23 103 489
101 69 159
69 101 220
75 52 326
87 88 61
21 61 306
46 50 212
66 16 411
34 40 488
82 77 397
94 62 445
55 105 315
13 71 83
99 94 222
80 28 313
8 15 359
7 107 290
0 8 51
31 107 250
8 45 60
16 8 439
47 96 44
19 0 456
97 85 288
103 63 176
87 30 89
26 10 404
18 89 348
109 61 51
3 31 394
17 47 120
48 6 344
49 55 486
82 14 131
23 28 99
47 12 97
51 108 85
67 62 355
104 45 184
15 75 61
56 44 243
104 86 374
20 47 404
71 48 290
57 88 305
83 38 66
68 10 262
35 64 403
94 83 278
70 66 478
40 20 185
41 92 34
108 40 434
1 109 457
22 89 192
11 102 161
44 98 496
77 66 344
3 14 419
103 1 290
67 5 235
92 31 366
83 52 407
6 28 249
19 45 196
72 44 202
62 45 255
83 70 2
7 103 116
98 103 405
23 27 384
57 22 46
51 37 352
79 87 240
36 17 399
43 74 408
26 109 75
8 70 22
93 78 493
67 76 285
42 74 188
77 33 252
34 100 508
32 17 234
24 63 476
79 16 481
19 41 178
56 36 427
78 45 440
23 58 235
54 34 114
76 86 43
89 72 318
75 52 43
30 104 464
107 64 190
68 82 33
77 39 108
50 71 109
49 71 251
26 90 236
35 70 4
59 72 196
26 93 306
64 50 258
55 60 329
91 97 178
72 23 147
102 11 444
51 104 100
23 66 316
3 107 364
107 45 417
45 43 214
23 53 106
90 3 230
67 2 30
1 52 474
101 99 285
27 106 310
70 38 492
24 84 500
82 49 146
28 103 287
1 41 48
60 58 178
82 41 372
30 53 437
107 98 458
54 51 298
43 93 300
79 80 18
97 26 342
69 75 223
26 24 382
22 15 76
102 109 256
103 1 456
38 67 401
62 59 346
10 26 506
29 76 466
55 81 403
11 87 496
49 33 1
24 18 358
7 62 109
89 1 232
9 63 292
86 19 252
36 102 382
47 4 77
69 45 270
27 74 239
35 28 38
19 54 279
61 24 179
106 63 470
53 98 264
75 37 179
34 70 259
64 70 495
2 39 317
43 9 182
41 84 88
103 90 318
95 57 177
83 108 403
72 101 407
59 87 108
1 75 181
88 108 382
88 87 507
62 47 260
15 17 176
50 14 414
108 39 322
25 9 455
50 30 234
99 27 185
17 106 199
64 52 163
22 3 0
23 86 483
40 76 280
6 109 385
91 39 460
24 86 497
99 77 347
75 58 175
69 107 351
17 42 456
39 58 504
105 81 231
72 31 428
19 44 336
11 20 467
42 21 420
93 31 209
3 62 475
102 54 51
42 12 407
78 94 352
13 70 253
91 59 282
59 6 74
106 0 302
45 106 35
44 107 93
16 102 187
88 62 73
18 69 214
97 47 338
100 12 453
22 56 383
32 52 398
50 98 6
49 29 467
83 92 262
25 15 427
9 13 328
1 80 283
5 39 323
56 94 130
55 109 201
105 107 452
104 47 155
104 12 335
40 89 251
56 24 56
66 37 396
34 61 269
51 53 81
101 87 136
70 34 463
25 21 480
32 82 97
67 93 29
96 23 359
78 27 419
49 32 372
35 56 396
107 51 215
69 56 47
13 77 429
102 95 452
87 57 237
84 64 235
95 10 51
54 90 128
40 76 457
88 85 471
86 9 299
20 25 422
6 47 85
14 64 432
79 89 508
39 94 216
78 52 106
12 25 69
62 0 383
99 24 17
63 62 68
22 64 149
93 43 294
14 27 309
13 30 150
94 49 96
36 57 200
2 16 126
98 45 240
99 85 451
58 10 251
102 83 0
40 90 148
32 45 115
33 90 61
48 80 208
12 8 483
2 49 71
8 0 23
88 87 0
9 69 475
88 22 174
101 86 239
84 82 348
31 36 242
102 56 159
25 79 508
60 11 41
74 0 176
20 99 453
66 8 251
73 25 185
7 60 196
106 22 485
0 11 83
44 35 270
59 103 508
62 84 402
102 69 131
48 34 330
31 92 41
44 107 37
2 21 209
61 2 349
105 16 211
0 35 478
90 70 0
78 22 11
59 4 300
65 60 466
94 73 190
14 62 144
44 46 455
98 87 41
27 56 57
17 55 2
11 35 26
87 58 90
0 85 313
30 86 400
76 26 381
96 80 158
109 78 140
75 34 373
33 32 145
89 29 268
28 72 262
48 54 469
45 41 76
30 91 198
90 17 418
82 28 157
7 7 53
100 10 236
55 81 250
32 11 182
105 85 236
41 103 241
92 96 272
7 58 502
109 73 189
77 7 370
43 92 263
58 78 396
32 57 58
108 37 86
29 66 432
15 85 73
50 80 368
30 40 358
52 31 82
79 107 212
32 49 59
17 0 337
19 19 277
23 15 55
100 37 473
90 82 390
87 95 127
54 8 462
19 48 26
2 104 159
15 17 358
67 43 10
26 103 368
76 66 35
71 58 124
64 91 4
72 11 350
26 48 225
92 13 256
84 8 182
42 67 136
106 21 272
35 21 294
69 82 202
58 3 460
50 1 155
40 80 235
62 51 443
103 41 192
83 39 214
31 17 475
77 12 165
28 67 409
8 31 262
96 57 44
22 66 455
74 38 462
5 74 184
37 20 38
15 93 256
8 21 38
95 74 448
12 46 44
88 75 331
11 32 478
25 51 47
104 41 212
101 101 418
45 75 418
107 50 348
49 82 146
60 99 295
92 43 147
1 59 28
28 49 397
2 71 510
43 29 100
54 59 109
42 11 304
21 100 119
66 26 210
62 55 260
79 7 67
7 23 275
47 83 411
43 23 8
2 81 482
97 46 315
34 64 361
56 40 285
47 63 428
109 66 151
41 18 406
10 71 82
34 100 163
65 26 273
11 19 19
41 36 157
106 86 328
28 45 445
32 107 154
35 60 117
39 3 149
65 94 240
57 88 490
109 87 75
53 26 144
4 88 151
44 79 482
56 35 434
74 38 248
78 67 16
100 2 31
94 24 313
0 75 311
5 2 381
47 49 26
7 51 37
90 79 31
46 47 316
92 11 91
26 80 138
70 71 23
81 107 90
66 104 280
97 20 139
21 78 148
77 93 487
9 83 471
20 76 459
55 42 472
71 16 80
49 107 394
5 103 426
28 62 13
51 105 148
10 21 26
82 4 36
107 101 15
91 87 236
20 59 168
24 77 36
51 105 394
50 8 104
103 9 135
37 82 498
34 47 451
87 107 104
21 91 405
63 86 164
91 40 459
4 92 5
20 57 395
40 5 131
3 17 193
83 78 435
36 107 382
43 64 232
105 43 314
37 104 67
31 15 383
40 34 38
72 89 495
31 42 85
55 45 52
2 12 2
33 76 153
35 0 384
91 32 13
16 24 186
33 91 276
12 90 299
32 76 207
35 59 187
93 9 22
102 82 139
79 102 165
30 108 38
46 108 177
83 80 23
20 25 510
69 25 362
106 54 310
60 97 47
13 2 367
17 71 242
47 17 13
100 35 436
61 104 17
20 30 464
51 78 321
1 98 168
62 99 334
96 88 132
0 55 508
40 38 51
57 48 404
14 45 240
3 30 204
34 88 305
62 76 464
45 91 234
4 67 143
30 78 193
78 103 312
61 28 338
64 47 453
78 33 501
29 40 202
5 95 99
12 42 428
105 54 286
85 92 395
49 3 417
91 88 88
77 98 86
46 101 46
96 29 251
99 98 309
71 55 461
101 88 36
28 41 312
76 99 49
40 56 506
45 26 241
89 6 320
81 86 393
77 29 289
24 48 98
98 101 493
44 36 121
108 80 223
16 67 364
48 56 267
51 109 250
31 108 203
13 78 329
100 33 194
21 92 200
33 103 4
51 77 408
99 10 396
0 97 420
96 95 162
28 41 414
67 6 110
7 8 481
9 80 368
83 47 184
74 3 469
22 108 500
70 40 243
38 27 252
68 106 271
47 72 343
25 29 430
12 83 413
74 10 283
47 53 501
49 90 110
69 46 25
33 72 166
77 69 225
78 59 390
92 64 36
94 13 352
81 73 285
40 38 208
89 44 352
6 77 377
27 21 483
31 85 328
38 45 317
87 23 297
53 105 454
49 85 135
64 42 66
92 105 157
74 23 483
106 9 451
95 53 195
85 35 223
67 96 273
78 98 85
69 106 105
86 37 35
83 35 357
4 108 286
101 21 141
31 103 69
65 73 162
0 95 69
108 31 170
23 81 237
9 107 272
81 28 51
94 51 277
15 37 164
81 11 146
42 21 281
72 59 187
97 48 243
91 75 156
74 82 353
79 40 405
40 93 137
42 38 508
85 23 382
84 67 319
95 1 360
101 4 192
6 15 153
100 92 426
33 58 183
102 62 458
31 67 503
109 35 450
30 5 162
83 38 173
65 3 97
15 32 54
81 3 77
40 27 97
15 90 270
56 28 358
78 102 421
5 30 64
69 59 133
20 73 171
15 98 118
21 17 486
1 81 243
90 100 192
20 103 343
67 48 414
3 91 414
54 81 496
97 34 147
69 6 458
78 9 249
108 89 330
85 98 430
96 85 154
28 91 319
20 3 332
92 2 7
81 95 376
30 29 119
94 17 239
61 94 485
55 26 177
84 65 344
79 15 23
83 31 227
57 91 328
41 71 43
100 79 469
96 9 26
7 49 229
80 30 14
80 30 155
17 35 493
34 70 37
102 5 406
76 27 339
75 33 265
71 90 289
102 3 311
51 40 123
89 61 273
74 41 5
18 99 411
102 75 131
28 23 389
26 5 359
22 77 161
75 46 116
87 37 114
88 39 237
47 13 510
69 31 430
82 55 307
107 79 309
96 81 346
91 105 116
43 26 108
43 87 353
5 41 36
18 92 366
78 7 216
47 77 58
22 62 400
106 78 494
78 40 67
51 21 316
23 35 292
66 47 382
17 96 213
77 86 278
19 75 29
69 97 446
109 82 476
49 53 300
57 28 510
48 63 134
82 26 440
66 105 59
31 7 31
45 100 377
96 9 276
32 84 280
89 42 227
0 58 183
97 34 429
51 3 488
54 19 439
72 2 121
29 66 284
18 44 107
34 106 115
66 8 506
3 2 351
59 9 240
17 43 294
88 5 205
105 97 354
19 49 289
25 28 283
56 46 329
72 93 184
77 92 55
59 103 143
99 16 18
71 12 418
81 46 326
13 91 443
76 102 410
103 53 455
17 106 373
25 86 237
57 17 328
10 71 201
16 49 399
70 55 23
102 20 284
35 50 483
104 95 471
68 73 366
19 52 322
84 22 445
76 107 435
92 83 67
87 90 164
49 69 267
50 21 112
81 53 182
84 2 67
95 76 122
4 89 269
50 12 310
71 62 321
100 24 210
40 41 476
82 9 320
6 76 316
10 51 202
79 2 127
78 28 413
67 68 483
14 14 453
77 63 58
61 101 410
55 66 204
107 20 412
102 59 473
49 87 419
95 106 431
78 5 101
78 63 56
102 69 159
5 60 380
25 35 69
53 99 413
97 5 115
48 49 498
55 52 142
66 78 143
55 17 315
104 71 307
107 56 222
107 0 351
60 1 78
23 65 314
1 23 249
78 36 504
84 64 262
21 81 232
31 42 6
25 19 145
35 62 315
37 47 281
92 59 248
26 108 218
22 96 193
23 77 21
58 87 280
107 63 164
108 75 214
90 24 92
5 56 449
95 48 500
105 64 343
72 74 245
45 31 10
73 75 386
64 22 297
65 33 396
5 7 328
0 108 261
30 103 34
84 41 93
98 3 454
25 98 47
27 17 356
87 102 490
42 54 442
81 60 468
49 54 345
35 102 191
24 58 238
47 91 291
82 96 92
57 26 503
3 66 210
96 39 146
74 103 452
100 56 29
93 42 190
89 82 510
12 12 39
1 109 198
49 35 250
4 62 171
46 38 396
37 11 329
16 27 178
58 86 424
23 108 473
54 11 291
85 108 53
101 63 287
1 58 395
21 7 89
43 9 48
42 86 505
21 76 363
5 105 192
50 85 457
84 80 455
25 62 90
40 71 282
95 83 385
88 105 336
29 1 267
93 9 32
62 61 66
2 44 465
17 84 123
39 64 167
76 75 265
90 26 0
36 25 379
101 85 102
77 106 343
105 16 489
63 56 455
37 53 477
39 58 459
103 81 427
33 52 31
37 97 422
78 61 253
78 99 302
83 0 284
43 45 95
102 42 47
38 66 474
81 73 29
12 90 343
73 43 36
78 1 255
11 109 5
48 15 229
26 17 250
90 79 151
90 32 64
63 18 3
44 32 29
90 107 130
5 13 105
79 70 114
60 100 91
41 26 188
71 59 430
46 21 184
98 81 77
41 0 304
103 82 294
71 68 264
82 35 367
90 36 317
84 55 31
43 71 470
105 92 236
85 83 299
45 32 404
42 46 27
66 23 444
106 44 186
50 49 109
88 5 379
25 51 486
13 31 479
26 86 55
81 79 488
106 98 205
80 102 453
75 78 155
92 81 216
38 62 366
88 62 199
92 74 131
87 16 308
64 33 256
12 48 250
88 13 265
26 104 2
58 67 103
40 31 193
97 70 367
46 106 305
69 16 495
77 72 32
98 77 168
9 51 4
95 97 121
39 29 335
81 36 478
25 85 160
34 28 267
48 100 390
96 61 16
45 91 155
26 56 151
56 29 369
20 64 96
92 85 21
62 56 449
71 94 412
33 27 511
37 100 365
38 88 114
58 93 256
86 92 111
106 66 33
50 64 372
20 44 384
26 104 99
26 44 128
67 66 328
76 77 111
48 85 21
69 33 270
37 19 215
91 41 15
16 58 155
59 50 23
104 108 465
54 77 267
40 34 158
83 12 495
7 69 15
99 9 246
92 60 462
5 35 146
56 57 479
87 14 68
46 22 423
31 64 366
8 101 329
57 14 395
89 97 115
44 106 222
102 75 362
53 99 24
78 13 247
25 85 28
59 105 206
16 46 202
107 15 493
44 26 62
97 0 456
61 13 126
53 83 497
4 26 119
37 17 186
99 75 328
45 6 85
94 15 251
22 48 425
72 104 499
96 87 32
48 59 243
73 41 213
87 104 132
31 84 400
13 3 167
60 27 448
21 34 451
47 17 147
83 56 421
91 37 169
104 7 379
21 93 404
21 64 409
104 40 501
7 8 192
100 61 200
39 28 453
14 91 316
23 14 122
56 108 367
70 41 178
56 77 362
52 87 119
4 104 477
71 88 318
78 65 463
81 26 12
67 97 311
92 36 342
10 75 7
90 13 393
27 106 134
100 26 510
80 87 192
101 91 240
84 46 337
22 42 480
96 71 58
72 84 482
38 9 231
30 29 460
108 9 326
46 24 287
84 72 457
26 93 467
100 9 346
52 72 414
30 89 319
64 22 449
60 39 144
94 17 169
32 7 265
52 51 10
84 81 127
94 61 468
10 58 446
105 57 429
5 108 244
104 49 403
46 56 292
41 26 12
3 97 96
98 97 285
58 77 286
17 26 505
77 74 306
58 8 151
31 78 10
8 51 115
47 6 292
48 4 359
60 58 95
97 74 434
57 25 63
4 35 86
37 26 71
61 108 236
50 33 90
44 12 226
38 9 237
90 62 141
4 20 317
18 96 498
18 92 145
3 27 388
68 25 299
45 103 81
48 22 366
24 80 351
12 5 45
106 58 428
88 73 15
73 48 359
9 54 136
5 104 460
98 52 460
4 3 180
91 78 50
101 87 6
8 60 310
27 62 263
69 60 365
39 29 352
86 4 191
104 92 34
20 52 427
93 90 257
32 76 268
43 15 157
12 14 290
1 70 292
87 79 359
14 35 100
78 43 256
97 80 474
44 32 80
16 27 21
98 22 170
51 25 21
35 77 499
96 41 172
52 15 226
19 85 348
90 72 237
60 12 182
90 21 154
34 101 0
52 53 500
11 62 463
43 45 344
59 68 442
83 91 169
75 84 22
37 55 471
71 82 274
15 25 196
56 44 317
73 0 320
22 79 414
47 19 71
43 27 177
16 48 471
37 33 357
40 39 193
95 66 29
89 75 404
34 71 48
74 88 62
34 80 287
8 105 150
57 57 475
33 39 243
70 32 415
3 56 473
30 54 3
96 88 286
13 57 219
67 51 208
92 64 270
59 0 157
86 101 432
22 18 122
102 98 22
62 82 448
73 101 284
101 63 68
39 32 302
54 76 471
47 92 425
57 102 486
23 91 63
15 27 382
33 100 81
14 107 412
91 70 203
22 74 350
33 1 473
78 12 353
25 0 160
38 49 490
18 45 469
38 105 284
53 70 225
56 52 190
14 94 159
44 64 59
106 42 238
93 48 216
79 29 240
85 47 488
92 3 350
4 1 122
33 59 28
80 44 464
28 20 132
6 56 465
99 45 152
84 109 243
96 76 253
25 44 94
94 101 162
94 77 442
23 17 134
67 22 439
33 104 326
64 106 278
24 18 213
11 55 433
75 33 283
85 14 371
96 2 414
47 106 8
13 83 249
1 87 320
62 91 478
45 31 172
79 100 51
108 33 172
61 24 45
56 69 222
45 7 387
34 43 22
108 53 51
14 107 199
66 48 477
58 43 42
66 7 177
6 24 265
86 104 330
85 38 333
21 4 7
62 2 318
5 75 20
69 44 288
107 109 282
8 95 170
100 107 83
48 85 290
52 62 260
9 98 471
76 65 53
66 27 208
15 28 241
0 77 475
68 52 187
68 35 29
44 68 211
100 25 452
30 84 321
68 70 385
18 31 77
31 51 89
102 39 439
30 107 352
76 48 55
74 17 16
59 93 353
87 2 351
19 58 181
56 36 332
50 20 365
109 86 119
26 14 384
109 25 226
43 74 136
43 85 262
102 108 315
50 16 209
81 50 442
37 14 226
76 106 314
107 12 196
74 70 288
72 71 31
19 9 426
81 72 500
4 7 273
92 41 290
37 87 373
100 58 403
41 100 455
87 71 306
32 0 422
25 89 273
38 57 71
79 40 487
56 9 431
106 27 341
68 14 441
38 41 266
13 6 428
34 21 431
64 81 125
56 60 175
55 79 400
80 56 160
92 60 68
94 71 485
20 98 15
74 4 56
86 88 8
66 49 258
85 77 78
67 80 291
13 51 66
44 94 57
38 32 136
3 48 319
4 10 262
101 30 91
75 100 135
105 38 256
62 59 431
52 62 255
18 88 373
100 43 272
72 30 469
23 104 485
61 70 110
77 12 26
47 53 179
85 10 241
28 2 403
15 59 79
106 49 380
50 11 402
70 13 35
14 88 472
55 89 300
43 104 453
67 28 170
104 4 372
33 36 289
92 101 60
3 10 280
6 66 272
13 15 141
95 100 50
87 11 262
94 36 232
78 87 388
90 68 347
2 81 332
61 57 474
3 107 162
68 39 278
9 98 451
93 97 408
53 46 115
45 67 155
39 42 174
64 85 180
77 106 477
45 31 173
42 8 108
105 95 325
21 50 421
9 66 317
103 20 217
33 62 310
61 10 483
17 100 231
13 94 299
19 62 271
106 106 399
23 106 287
63 97 333
33 36 96
38 34 397
3 33 453
96 43 270
102 62 327
60 91 58
8 22 85
64 38 18
26 54 168
47 108 399
86 82 391
