1331799243
1282379805
1323430873
1487811279
1373529157
1329215508
1467435027
1368134889
1335111468
1387321044
1347174098
1325112120
1239172783
1258160397
1235519027
1259838694
1280324518
1268828592
1297480366
1283939939
1245921014
1322954757
1292564279
1280177862
1298994573
1218604363
1245672588
1232375756
1300050383
1293470950
1265015127
1320827282
1288414202
1398756271
1406472311
1279802408
1203482933
1208802806
1241850340
1212199997
1242458629
1208845951
1272721262
1211675870
1272491232
1247390321
1492301327
1443030498
1355421620
1454157810
