1202449632
1208763897
1202700361
1217789723
1200823256
1211354668
1312254890
1218227055
1207981701
1211711179
1213824028
1193810956
1195918439
1192378716
1196029117
1191838854
1200645941
1198571262
1197011315
1189830376
1206798494
1196554167
1194749184
1184134853
1186980682
1200432083
1188711951
1180930596
1196684683
1184144462
1202513267
1203068684
1187769915
1206875957
1209239902
1197844013
1177990585
1185742267
1190132076
1184520188
1192000959
1184954909
1190895866
1188174328
1187044784
1184318645
1194416082
1218160978
1198593231
1223645138
