4576454567
4540244688
4758902073
4567873866
4555314594
4561594567
4574228537
4954066211
4675620352
4682392889
4552928855
4582020374
4500901950
4486198355
4446759903
4561609663
4528772411
4475746933
4473219699
4469451674
4496813786
4552441034
4546966585
4518531637
4504410606
4475005526
4456327871
4486547301
4464461470
4467572884
4469511218
4515831956
4515834191
4540850014
4647410551
4492449858
4431973550
4419415082
4458415968
4492836990
4424769802
4454666089
4547670080
4599883306
4462937941
4471666856
4499736277
4502073038
4649380356
4661227741
